15068860664
18105013289
18707734000
18225513108
18024105681
18258288023
13716008430
18888731462
15810596619
13132110868
15031639524
13241233214
15070900199
15871776906
13625814783
13402149567
13905354001
18570603041
13733453960
13450490656
18295995896
15034632094
13703023357
15938917613
15903588530
18502903611
13631346493
13524926965
15980207989
15924291951
13863223092
18208073184
18282505266
13817622169
18951743186
15858525201
18079700756
18911801688
13622056421
15801447231
13921272706
15202821486
15203345410
13165319808
18660682366
15806532555
13111679960
13329631117
15889420112
15322431025
18017543515
18257158121
18682808220
15802129540
15852798250
18062427773
13896067459
15606017085
15810591398
15172397373
15659299757
13534407748
13631539053
15093252050
18611795523
15128023369
15950506294
18366635535
15828368663
13475149475
15063359489
13819428260
18608141366
13519459792
13993626116
13485648085
18639680599
13978620580
13905250590
13683711406
13366222253
15285026093
15129228767
15005637199
18768865463
18932231102
13860683305
18507336220
15108273143
18322527427
15504596949
18712993903
18910073890
18368884305
13831479426
13861316756
15166786687
15872972010
18910260876
15659928796
18628973853
13951780766
18008573831
13504540931
13582283232
15822039476
13844410415
15167419953
15231389378
13589299404
13956879518
18635655040
15561259781
15950523553
13832175823
15275158439
18785817178
18845098186
15312421898
18766891388
13791666123
13920609315
13776291915
13639766611
13736452423
15676083068
13437273189
15840087992
13756627799
13763474346
13899395335
13103824963
13982024095
18773463130
15901229629
15051401132
13500751797
15919656607
15897656665
13997644475
15208229771
18909261313
18916151156
13863155919
18608026110
18577882046
15200223553
13140997221
13343562103
15216674600
15026367837
18423338284
13651770325
18957743210
18635587774
15937965581
15862259618
13488267676
13315213823
18815264050
18602406587
13005583388
18608797484
13506935755
15921262808
13560476298
13073678087
15531620435
15979913601
13587898521
18105170712
15127779510
15640771061
15909899121
15018717341
13821416700
15818545716
13883451649
15944781458
15330335697
18204200972
15652232231
18734141213
18617388314
13591235553
15033668232
15247388880
15987151227
13713225847
15901839704
15977044144
13656638481
15999195525
15880853774
13729214632
13558771447
15937748809
15651614277
13996098087
13860401979
13792952832
13685179225
15133445003
15683903369
13819849154
18659999027
15386049976
13817673907
13633442690
15836166302
13424626600
13862536190
13851927414
15088664917
18717832428
13913967130
13906278198
13920125646
18656160665
18179120965
13599110741
15900515656
15027026481
18603859911
15801257197
18826852520
13555197206
15936612988
13916893797
18608680072
15855197601
13367138447
15200038024
13726781795
18842385832
18910177588
13635497355
15613180530
18921293920
13867207855
13552564392
13510440527
13867728061
13910244872
13124451221
13760848942
13407113313
18662572600
13920906157
13551539026
18374637490
15869027113
13525952400
18721823991
13872101021
15386192105
13408285183
15271936825
13275366566
18949552752
18911449110
13913959824
15202211310
13856043272
18645838388
13899976414
18209226955
13764726430
18616784934
15800025212
13173112933
15883389535
18923354054
15755678737
13501784680
18957561653
18995390080
18636813591
15818369477
13574729290
13837275355
13969173350
13880300397
15805611167
13917753856
18721654513
13675713163
13684975224
13893736077
15819785601
13851618380
13599267703
13850299316
13333333333
15958971044
15877657047
18682635107
18679061004
15285342077
13538412384
13894859533
13962437582
13811477514
18818998249
13525875021
18170019595
13703817838
13819095084
18019916165
15614999022
18981370527
15601859599
18612308897
15336877951
15215886420
15506009247
18817232331
18676599012
15675724373
18888958242
15823056569
18811757566
13558618060
15940117451
15290972299
13725913280
15214419802
15993126533
13299639983
15211014594
15173828167
15098721656
13524701527
18640554920
15131826520
13605473416
13661636010
13783714852
18714551110
18721214093
13431139452
18635910317
18652237288
18643530477
15001339383
13997778666
18627006824
18538151075
15079003098
13025680800
13755370073
15143480808
15881135052
13614234155
13519919137
18902070216
13777229737
13533990641
13883855832
18585052427
13611647543
13932300931
13598033528
13845582153
18862336968
13617600488
15950521080
15855582104
18028736209
15130236300
15219794670
18643351300
15960491008
13661171578
18155515142
15196385431
13537551148
15172425817
18507733144
18945285676
15124580209
13572796113
15226156963
13526834323
13751747397
18855431818
13877099271
13098489339
15007226574
18958806081
13721027520
15896852443
13737351250
13775173079
13233512807
15199189632
15227852971
15905608153
13666256717
18047100945
18976990022
13433839536
18090339393
18972636512
13635518102
18888618270
18508556667
15233316047
13626874969
13681284323
15097399009
15304847319
13169118430
13066676637
18516078256
15572031868
15810102876
18641990775
18640909038
13509183927
17686613605
15380679986
18356359553
13975393123
13886688837
18923162466
13848936848
15168685070
15037022334
13735155217
13526515438
15804048975
15928055098
13818433642
13610200005
18858063880
13780501515
13921144428
18630195073
15520385767
18058881815
15526241676
15820802801
13859024900
18308000959
13458766866
13681901788
13592605533
13916072477
18520881624
13484866471
18841509930
13806003196
15076917971
18137909551
15221113995
13970174080
13598851255
13403277544
15258368283
15981950077
15860014161
15596045985
13760779053
18656213707
18758302487
18310811843
13989492972
13995992412
15160525755
13620999807
18645291308
15145920323
15576508643
13841616206
18657045507
18060370107
13605242552
13837206587
18767155540
15066329680
13783972620
15734785016
15891548500
18916734518
15258698656
18979407848
18258380999
13764820827
13577005775
15833188371
15231743946
13757653661
13591359254
13998435279
15816545955
13957833782
18917863367
18756129167
13317730000
18610468781
18782078210
18618163987
13772508834
13757077200
15000855675
13581790543
18203534563
13063889025
13880490258
13795342032
13326470268
13780009995
13810400629
13306539300
18613212829
18685355982
18341800008
13775287460
18687107357
18953153113
13905062422
18651652139
15067916309
13122219028
18261826147
15838313271
15973690662
18633762327
18675234527
15003631661
13477053178
13715278884
13986024733
13966115654
18907993121
15205078661
15831064243
13697819162
13928350202
13146501440
13222166905
15198791074
15802409554
13810518146
15068706872
15899771863
13613798443
13484087100
18976542014
18585205687
15258861433
13911753450
13422195563
18516210409
13350541905
13854444247
13316682970
15872774420
13676525053
13847395546
15678521881
15002979609
13950165820
13946104730
18981034197
13561080508
15162152131
13735362174
13913173341
15067422981
15881152696
18640398250
13997624418
13904311626
13440005345
18907008325
15149367608
13611210092
18602771260
15221282439
13575077993
18618140204
18857199624
15112626304
18611276659
15305511779
13722568685
13728772331
15182284795
13820219115
18610531200
13819301455
13222915767
13671026560
15536763189
15821000634
15073711048
18363816468
13919845337
13845929290
15335208677
13539862688
18603971312
13062600649
18610404849
15857238910
15810291206
18615117155
18603697832
18608158879
18602114169
13957679793
15306216861
18209367955
15501086118
13701260953
18663756997
18603028474
15028855702
15800812125
18673844070
15123875494
13752282909
18611136631
18618296681
15071262535
13623296280
15937966018
18072241998
13500439884
15205515300
15979961131
15888444925
13858700051
18683781818
15651815720
15275205351
13580314944
13717207908
18591959207
15031521999
13543028838
13886996986
18955611315
13113039793
13642071976
13547497081
15849366606
18300622965
13697877711
15928851364
18693190579
15162391007
18207145525
18504608259
13762834332
13262283665
13766830510
18646656054
13181282763
13618218075
13775480439
13843380020
18920958831
13962962837
13402828801
13400786144
13914831562
18936383890
13726311500
15202259250
18601711489
13941029775
13723865975
13731464289
18133385335
15909345300
13450998716
13323716081
15360541935
18993534381
13925371187
13869153977
15318046776
18952455047
15849368831
15618288101
13816731334
13149240100
18688627085
15817768812
15150009113
13099992489
13997708166
18623254974
18209586363
13995195209
15907734698
13930673330
15584404624
15525136021
18266528666
18952158186
13069008266
13608690322
13783434887
15088356564
18675868299
13547814960
13832655066
13689649499
18850338821
15002905567
15890808554
15171471880
18080764430
13970001458
13078861886
15021398798
13924995583
18234440441
15801198399
15959258648
18703380510
18507961079
13561396642
15017651280
13349916866
15030945605
18867535731
18502108818
18711066981
15929339229
13154318777
13392471139
18580554690
13545959778
13631605136
13525593239
18031311393
15989235331
13873393861
18235323048
15869370547
15940721889
15234180858
15079882831
13889889517
18661633277
13633163583
18639956518
18337993276
18831619601
13880707728
13917662845
15065462850
13430953911
15846894224
15238576272
13601745069
13032221438
13536616851
13810512601
18621851573
13795495875
15869079899
13946888139
13811435302
13486325212
15044590551
15501121372
13858244398
13898278324
13596090680
13639710145
18955048338
13623652510
18268407462
15036499575
13328136101
13629846091
13104359902
15956936663
13711423968
13408521233
15882344282
15184366088
18576005250
13625934360
15980660531
15939992525
18502718880
13331193219
13535668977
15958686099
13627695437
18982151575
13974881067
15208261171
15907808870
13661468496
13522089096
18602408445
18273098523
18621310298
13022827450
15978685576
15356106270
13515273840
13752406819
13635055695
18144863906
18623282782
13165219130
13628813430
15859195899
18826742720
15816850032
13818098740
13824207504
18036258902
13510930120
18706697198
18671585763
13904559883
13872400252
13671904344
18308536044
13851302130
15500021009
13612122667
13541437823
15848690021
18621773540
15258667150
15020255118
18222011964
13240475126
13811754676
18602281847
15811740041
18832955787
18623793563
15691651719
15201225693
13082588050
18755709230
15705189369
13533537749
18312138344
13821339260
18039697370
13027843670
15013665951
13384966073
13737026362
13616549664
18623535977
13771030806
15942059585
18675841711
15151869340
18206869605
15269879158
15225012115
15830917282
15881032922
13193064394
15222818830
18964394187
13331693869
18610867283
13063968905
15216769654
13069911017
15151747941
18086334960
13694140768
18710867839
15857957760
15272547846
18986626368
18204540290
15127015277
18608009505
13520365795
18606638683
13726214566
15861559396
13995510576
13991216234
13265700100
18637805845
13719045197
15113861659
13276030573
18921404595
13572196428
18669881814
18679205655
13866020504
13909853194
15366283149
15916398784
15878116969
13819169542
13678417656
15888659600
13819407538
13515235629
15103789959
18001517718
18520592594
13685527660
13705959406
15132086600
18353627557
13515713459
15800399392
15196639196
15312565163
18057111529
13757263235
18227662816
13124866271
15821812363
18736049009
13951706284
13616743461
15905608626
13777734207
18798667080
13590720003
18332720036
13751029025
15959880123
13761871041
18264812180
18603579559
18602517303
15680635909
13207106160
18911331365
13891815373
13122295431
18739987424
18575566725
18170100322
13912979721
18766224299
15004333930
15810940940
18107267995
13453454660
18755405231
13082100778
13112980504
15906228910
18664266664
13636709912
13940447855
15819273408
13816000207
13598037726
15152110944
13003208291
13896168150
18737347355
15381183928
13641956689
15966198275
18715798083
18192267906
18678212526
15647631882
13705868988
13456241622
18013518695
18238812672
13961531321
13682484881
18717308062
13971354730
13919943771
15110140168
18550524249
13902057022
15018494973
13627657776
13596300072
15035170511
15202384488
13203809701
15942784572
15877359251
13958065551
13069252329
18073010808
15627258627
13141100110
18665638850
15611404939
13708415322
13721755651
13880206300
18950601183
13704655018
15981013355
15839228173
15328469373
13699042187
15067107713
18749399191
13936466233
13889119972
13632954372
13621238318
15018076566
13994879452
15988366923
18658276996
15850180085
15336617111
18665432887
18621385949
18969358920
15951863087
15528596952
13850968409
13805159640
15115452696
13558782107
15905626850
13725139523
18854894179
13587871813
13487950025
13671939827
13816915927
13667761091
15563454326
13704106402
15009319589
13930478342
13861025876
15603186258
18018606685
13791432192
15626952872
18288297563
15601639275
15560139378
18264856614
18962230750
13882206001
13911249160
13774266829
15158774241
18601248647
13591668841
13400183319
13077914719
18873437988
18662244419
13797724166
15929886651
18967957636
13036151841
15019128398
13062150052
13612070108
13269603816
15051623021
13735628959
15269182835
13852865814
15179047963
18281820018
13699572861
13661328121
13626635823
18616798861
13803572007
18615727115
18603594704
15073194769
13649871890
13416950064
18696695448
15355651977
15999106672
15936625166
15280425645
13916486004
13226033261
18323958550
18600030071
13754991446
13032346459
15277218526
15052744885
18676406997
15011473027
18209606810
13457310929
15285005053
15882270928
18273014849
13390893064
15010705576
18943150962
13776660535
13477361859
18643950959
15913157959
13629633095
18653103365
18801031956
18629409233
15120147984
15894628510
13621911679
15673139455
13267778871
15851970173
13955011775
13956217939
18696456823
18772588279
15031115142
13929002961
13844226189
15978184545
13947503021
13854048836
15815814300
18016115286
13668027676
15239701537
13566975004
15201912849
18021738300
18908265685
18008783170
13888974903
15189789699
18919882520
13980193055
15767405813
13710899240
13549994877
13280190803
18758302570
13818264255
15941198263
18688994104
15014979396
13548178045
13405010580
15167988900
18463118305
15358546303
13816941851
15178439657
18857366106
13954911532
18789892344
18322615095
13724319536
15919761476
15570169956
14759914522
15927428027
15273825139
18637655708
15336330191
13686619042
18972688996
18077025382
18671826867
15176393602
18670907244
18010127454
18683146393
15006217517
18626355218
18002568715
15623956310
15138768625
13896664713
18903863791
18939412317
13847302643
13266666511
18708117950
18331202566
18520392185
13701039175
13825153215
15861470721
18038419722
18637445559
18659471202
13912998483
13920460182
18753976563
15902317717
13797685662
13012228883
13726051542
15680887167
13691747961
15132699269
13917693435
15846342470
13148829376
18271231135
15308349945
15829923741
18984012577
13754019557
13161297471
15388113020
13785304928
13546062285
13351010389
18502709884
13589554522
17686613590
15803054054
15324352552
13710031114
13658491387
13551751137
13705019440
18322636316
13915273102
13821812072
13907047952
18687164286
15149618886
13954239658
15557138289
15643902730
18277371633
15828891108
18604443441
15277075105
13625511944
13751606402
18062499028
15967892658
15292319879
15022433939
18686450839
13931261210
18767663196
18861817578
18628122342
15826655313
15606921193
18942208937
13094255550
15659221970
13956065783
13554647503
18602863855
13592450067
13972671891
15165050651
18588235168
15957736713
13762400896
18205045695
13681729497
15040557478
15123642304
13802188900
15058915885
18751612876
13858876290
15945193808
18626318507
13613347554
15290936665
13626099087
15805255898
13951506836
13616209292
15282480363
15018709907
18001150191
13379952238
13581554895
13779326676
18033407506
18600415275
15011766438
18997398798
15159542280
13715298560
18608301850
18626242467
13889605171
18603333046
15948028968
18758120277
13736405537
13844092056
13763156112
15031322722
15082028659
18967765008
13268355535
18628516215
15846364680
18975200836
13668325272
18273164137
13570111032
18633360838
18662200640
18507099658
15902178496
18627830762
15304370070
18637140738
15332460860
13204452345
13845043002
15985881870
13723002885
18624601007
18839655071
13501623506
13084342525
18121213777
13408121013
13683732594
15035308653
13713684701
18686616539
13890351266
15241146171
13931122589
13569550911
13452303548
18636000210
18673593855
13438081647
18996200749
15064321610
18669083683
15800843918
18503090209
18990759738
18070594976
18650428554
18612022021
18826561183
13600531770
13904572445
18650690101
18015577533
13922361190
13666617869
15608205005
13554493684
13406483623
13594816986
13636378126
18652498752
15122077891
15343999584
18235417983
13243271234
13973263302
18615051655
18659166853
13421521267
13910798048
13715156004
15088831918
13568199701
13912780358
18653570928
13750452015
18037759719
18863348410
13213206977
18523334001
15258673210
18675850409
18396856018
15289339125
18970701096
13804617967
13834904042
15936293971
18117118236
18766329263
18921538908
15071218003
15001824820
15206371682
04683756712
18774105005
15040519077
18696796009
13803996500
13118338178
13487103559
13623988999
18600398720
18011880290
15885063300
15848643814
18616706379
15307215578
18989102269
18685802663
13521897568
18795957565
13986019880
18305167223
15112659178
13764032504
15119571798
13882232519
15207187298
13658626751
15876585128
18801910180
13989867961
13776036571
18911284018
15067748402
13668621998
13415664727
15088652008
15803938152
13437488761
15201279051
18171217933
14789965808
18662651600
13708866133
13326608600
15950530396
15960202679
13810924039
18665000555
18052012900
15838891495
13889467160
13942155545
15864494144
15359757030
18252223209
15163062299
18275092173
18629469952
15207161478
15099889987
18658808095
15023493264
13518359350
18673308319
13911954979
13681829332
13771107802
15026888897
13655061269
13919856868
13875205534
13383892668
13651070229
13985785040
15640956795
18800163787
18801965558
15239628798
13288693493
18373112324
18798641667
18118199338
13403724999
13564812224
18258251205
13669012947
13570394679
15123950044
18758023753
18709524913
18831873190
15277803668
18516224511
13755169510
18862126624
15881144314
13173619865
18678681757
15818420118
13208885025
15909870617
13530985130
18737163318
13911136571
15138843316
15838070922
13631481609
13955371251
18694956605
15906632380
18724899510
15280916836
13977287345
13914046971
18045046080
13581733328
18870297772
15097334645
13031321666
18016465806
13720224898
13894579599
13668516156
13581976231
13435509289
18692780945
13594598930
13857222714
13811791320
15967781680
13901114022
15018172009
18601215197
13657087942
13229793469
18606071127
15829926706
15040445713
13938589380
18801015790
13634788581
18650718250
13671568335
18605395360
15137927109
13500601056
15275310985
13636470030
15026768992
15960805161
18320995339
13640851944
13520617548
18253136240
18672889883
15884278285
15925880229
15980209817
13510211103
13962169829
13588931319
15948826767
13872997421
15844066808
13833697960
13606524718
15945185455
18670311383
13515552953
13781096698
13799953278
15953145137
13815477995
13996286566
15012771499
13689531473
18823648534
15088484470
18274263568
13851957411
13892242020
13522787087
13419136496
18577822672
18394511401
18638459303
15039623775
13572240511
15048198072
13798239851
15321383186
18907178007
15821040575
15120085253
18321603153
13731411530
18645040068
18993711291
13870635181
18625049481
13832993460
18997391755
18638578268
15140535567
15611855461
18937672052
13943344355
13738073127
13013640700
18602737968
18579182341
13732083350
18009997727
18159224111
13555557409
13522795804
15166750959
18716426015
15858550055
18953861890
13869932510
18982899123
13847352401
13570908997
15190107174
18953610121
15945624905
18677289816
13805066704
13328286560
18680053151
15001011773
15000807641
18672568252
15840805255
15110280899
13301936889
18211435986
18539211950
15001681091
15905147926
18675009638
13638532936
15143168519
13710984840
18617363091
13671610066
13607017030
18610942856
18715076694
13716445388
13722564944
15021878731
18686567789
18668020888
13760363325
15530353765
18567262101
13913026418
13998401913
13658882180
15673020090
13576827846
18270727303
15229002878
13936852452
13209431333
13619334166
15312626631
18757685085
15230549876
18629365725
13867976140
18628116535
18857494627
18240025559
18811253030
15652001080
13895796066
13942933921
13264329007
13609499050
13858194995
13819908017
18087296070
15555565535
13363904936
13706810404
13833543777
13467306210
13771835454
15000567129
13634544322
15901546965
18650067245
18285082467
13164764633
13535732434
15857187728
13301175351
13933597757
13126635302
18612256574
13808883705
18677370160
13981703964
15909524246
15140412322
18620335345
15202110207
13560032989
15920420774
13754633918
15677066077
18672591789
13819317302
13468298567
13788525399
13502023987
18908652235
13860322830
13718617017
13807620653
15909255054
13701408903
13850252375
15845844890
13582839587
18792212305
15849050311
13770539583
18093904531
13350639078
18658677088
15851611320
13589565255
13775907941
18757556466
18664780513
13911860104
18721116469
15617736765
15858323874
15072977700
13896008780
15242328990
15897765470
15850210402
15074582020
13808233002
18758918726
18604098252
15101197205
13676517886
18680754540
15273894388
15145831364
15919665124
18078275817
15209532607
15040730630
18758328785
18801027503
18962420090
18667937538
18763995001
13871004300
13520556957
15350389870
13841128940
18607903727
15377908198
13411116068
13550565670
15840655431
18025343011
15391204870
18646506050
13485855622
18618417060
13720024401
13921395077
18705271129
15196657194
13959928111
15319711576
13807450045
18600011857
18650796121
15185047949
15172393100
18328584797
15155886976
18620659676
15846755566
15629540639
15997998049
13582213633
18126326120
13689046904
18246082310
13234476059
18221239282
13818088251
18978590398
15377673037
13611773750
13730684466
15882060129
13616202150
15260631023
18507238803
13539393138
15538803733
18730530360
15061971983
13773124660
18523383070
13811669285
18635296518
15990194473
18059284007
15955136856
18792775727
13512181510
18175870440
13804078773
18620604376
15101332324
13795451228
13553205020
13813916052
13607014196
18692269959
13511016382
13820621430
15906585325
18357104493
18170950567
13846177646
15281802231
15601698806
13529454595
15155293908
13014350870
15161451978
13422898453
15079283079
13910627210
18905035189
18653115501
18610310905
13216633363
13821275249
18618295276
15655300880
18261674589
18606947105
13530255401
15274889666
15153653643
18205931676
13980692325
18665655680
13819646697
13519997789
18523217670
13593190430
13576714701
18672768232
13688320761
18798847078
18702945480
15992699308
15895626715
13673187648
13092300786
15167965220
15177683257
13689891261
13857505457
13915574863
18611038585
18858271843
15101543536
13627667420
15989231730
18734885698
13761227124
15110335460
18638645521
15192675308
15801471128
18220594881
13857578667
15827744577
15147189929
13340970220
13576991817
15033464726
13890466480
15043212721
18604710413
18857415084
18655832150
15698993600
13760842977
18776156276
18607210445
15147191680
18056981411
13794606423
13506550790
15024554374
13462010134
13799327087
13586105321
13676326176
15567488866
13936990500
13688422489
13528241688
13533835005
13607729305
13880193275
15625401311
18616589502
13614271835
15188858983
13896839839
13761225885
15856982977
13995679922
18201190860
18297946955
13621807254
15950053331
13669033483
18739726792
13961188659
18629292849
15964381742
13795177230
18097591596
13758235925
13816434896
18090419488
15037619526
18602596027
15088239500
13056700101
13893609372
13971693177
18068552302
13916288688
18989091339
15929830696
18611081556
18667027663
13939662923
13315788660
13132285519
13960615990
18321080880
18002918000
15056062349
18944988433
13477022516
15585859595
18080211238
13332370336
18658315899
18601292974
15839395192
18666009642
15821372078
18317697822
13528007440
15137900121
15575293210
15954321900
18641087742
18939676130
13696955576
13811812065
17707900080
13991669067
18352825728
13452053472
13514562046
18665284849
13957906760
15172189480
18677202030
15503716123
18981069508
13294139616
13917675967
13452368051
13602013603
18508337501
13644530644
15813079262
18911192331
13608845030
15236323118
13585902307
15828295352
13763758882
13435755559
15917842982
18930704726
15156405678
15851482248
15867053360
18757681089
18576679176
18702911041
13540050203
13898882224
15005093295
15348725806
13716057783
13329062221
13814087172
13776028649
18211098559
13383697322
18936220390
18818209289
15952081502
18628279004
18219083828
13929185805
18912381623
15399780868
18673361970
18664882094
13308028739
15605007956
18775304427
18696502005
18609966988
18209912997
15119015823
18681256885
15662170995
15021792608
17094521319
13607725142
18737811336
18631770326
15607770521
18631751520
13131014961
15901052541
15829221866
18638172112
18801907425
13106880768
18319087440
13751340220
13780220494
18220175445
14741107989
15045792930
15015006993
13914567857
18625320908
15201577864
13460799000
13550507090
15124848919
18967093080
15941944558
13734231889
13738451268
13480110061
18251319900
15801160424
15828388311
18798234225
13464668847
15215137652
13589470053
13858162149
13582323703
13919115201
15032993996
15880325323
15509358746
13760615906
15810663965
13637070803
18511061820
18013531374
15178835378
18748149252
18579060065
13100686459
15115250529
18559912568
18017968055
18620063949
15865535866
13665412003
15315188330
15803883209
18978061023
15911672016
18511070108
13672033213
18604283245
15900772738
15049465123
18708168700
18703888068
18547103991
13996334258
13964598291
13547510138
15287367845
15187466676
13862416643
15928357095
15963365167
18652017066
15918899673
18647685272
13459204643
15123824991
13580319016
13730634443
13208029261
18607838788
13945361933
18509207356
18737019831
13504253357
13804841844
18170124365
13693322793
13958203844
13916683936
13608626301
13408086800
15182299895
18689581109
13462348448
18240501870
18248891661
15345115585
15380916282
13331011526
18627595036
18665024116
13937781922
13343565155
18712754623
15106215512
13917226083
13400789084
13089026454
18627841283
15102723453
15176624780
13811139324
18606105822
13213012967
13117376454
18706226997
15191553111
15603725903
13203911500
18638021678
13439658509
15331831992
15200071979
18604756211
18951905141
15320185035
15920379542
18994500303
15196100814
15810910078
18855470030
18551833555
13716939453
13633231110
18805902579
15896510404
13775077146
18622502103
18391491101
15954820901
18628105495
18664780623
15587230850
18580160860
13933050982
15826370668
13601717401
18258379811
13017046540
13862035172
18906821851
18696509520
13763450124
15038250880
13404187880
18022309418
15988016000
13580595345
15846787853
15053752033
13915331613
18612264899
15088647723
18522580566
13704596227
13770503694
15229054876
13777274896
18903999107
15871465519
13737632122
15165366953
13581761001
15563613184
15100004923
13513895401
18999380271
13550174044
18685154330
13568935310
13560807098
13755763344
13756490510
18602390356
15639775731
18600027036
13834696562
18003394477
18539575330
18695219060
15064577178
18600918308
13454191737
13510218344
15848355353
18668555575
13433560200
13633212503
15912868018
15017547082
15051649646
13952229066
15867605710
18112707329
15035651917
15022151865
13965308769
13942443523
18689318007
18652178064
18675611136
13601670644
13550013468
15134657214
15954049532
15862605066
15881006704
18682177901
13511007166
13818529195
13626768022
13893163219
18354879452
15838937717
15883429654
18817314670
18616385137
15327628959
13911969765
15325218996
13778218675
13555088990
13553187796
15859585332
13424304114
18951583308
13469608474
13450090360
18626101566
13736716886
15830635884
13793021280
15104952756
18796363142
15885910782
13881020193
13038886646
15104171731
13945221888
13311369912
13836707077
18610620894
13266693764
18906871177
15938764685
15895528875
13559811356
13585032594
13811859087
15988194501
13510173574
18131009885
15588179920
15277282321
15134651084
15201190104
18817785211
15239586555
13410047507
18273099447
13213223263
18909277335
15263973005
13038324458
13878455633
15811422667
13316899240
18250153545
15988651326
18224422717
15209855784
15091005661
18356068697
15984938257
13524818164
15507902389
15247190803
15097048786
13661826309
13753539347
13339907278
13720279449
18718016590
13820771764
18909568015
15800871287
13730514599
13533034777
13281166109
13209055009
13947575771
15984664669
13810137863
15845002680
18601210307
15926160961
18911835953
15802198683
13590337904
18121137520
15265476569
15659373598
15162102007
15511741976
13679677888
13917298128
15766297971
18750072345
15253700891
18671093164
13967681557
13623698818
15034189910
13777727347
15105160017
13718815997
13105858690
15278705458
18047145509
13526553955
15948728018
18855111008
13937289432
15057518636
15896666545
15895168670
15079888427
13035237833
18616725651
13775177821
13871376532
15008088920
15015250535
13631657400
13766669751
18605575202
15921925938
13728937072
15022693698
18639412127
13881744739
15808048114
15659931773
13698352208
15606858566
18299964965
13507112000
15890539573
13515607382
18676357050
18693274675
18653739661
13716414926
15172596203
18752178227
18910117279
15896377171
18306420168
13427838686
13690419667
13960838892
18031041381
18583460608
15220005205
18668997750
15134156021
13646223873
13315986716
13663609132
13452532688
13550299972
18645438518
13904973473
15874445000
18795753732
13569196768
13473700634
18858010775
13591772751
18623546501
18755395058
13762567778
18654161830
13802914121
13572992991
15863261632
15174400580
18201854596
15837168210
13511695552
13983029741
13911026257
13811089821
13899300056
13146996039
18600901937
13585585053
18650384324
18757286766
18633378763
13044167773
13716328700
18798091613
15268529083
18108625270
18664608009
15840236801
18635862246
13250263200
18641536262
13683305891
13760836343
18665159014
13625047661
15920292033
18736855252
13477770229
13488799558
13631339040
15267869803
18637905220
18238572356
15560267904
18008621918
15062256402
15059800105
13409238699
18682179912
15269852526
18321565347
13920202905
13809429437
13705864171
15866015997
13817237853
13540012015
18611773897
13412403282
14714528366
18284626868
15208395434
18284157183
15957348592
18606593006
18008154657
13880461613
13916459687
13303175275
13142280350
15270179333
15167103885
15886969796
15977487616
18366590012
13143219811
18705592876
13880695214
13953790129
13612219763
18771042103
13767118172
18508559928
18994666777
18674455731
18189915988
18221826379
15181765977
15140028702
18753553725
13959034745
18623077972
15067725666
18993511997
13821023417
15081693748
13917241344
15218728525
18971250296
13633888718
15830008689
13394967117
15358981192
15899189752
18928094495
15208372558
18860578261
15921870064
13711204826
18611657226
18561578623
13713496670
15128599166
13002175731
18221188664
13751309088
18225347290
18822889250
18159516086
13402891902
13367406068
15031514580
13478469220
15852833158
18668085280
13806762881
18113762388
13651994818
15982543254
18603016457
18648422867
15190305339
18550363680
15943222566
15100158806
18906481533
15962408760
18108417601
18329160061
13819119355
13726689151
15137473236
13893600706
18688462784
15861570496
18980234110
15259194304
15040827658
13351920658
15181817223
13958381738
13409336308
15845854769
15048798930
13671105685
18600923063
18759177055
15731876118
18910563251
15166622662
15809951556
18756971086
18650801486
15026111333
13681048984
18600733059
15882145927
15110216040
13537643875
13717812762
15219846959
18674899251
15011580512
18005203689
15154813350
15603859355
15850181025
13691975004
13543296509
13556442354
13156321066
15199878280
18652452862
13436548423
18392063179
13462398489
15015904524
15955011293
15305867198
18616384639
18224448771
13237856522
13708218148
18675849678
13943774011
13655065765
13582008521
13707712594
18951668293
13524029471
13316975922
13109224483
15259805747
18645835345
18005257993
15857179505
18257268092
13194958010
18601044023
15043987375
15082289804
18204429899
15269968820
18609816348
18606181650
13661969206
15500014022
15229833423
18681777789
15960944710
13592391153
13588900676
13952930599
13777061069
13611757050
15705048688
13752153199
13204977163
18838063689
18996016817
15880075915
13957772783
18016898898
13993941100
15825243324
15605027771
18600679900
18801812063
13971340623
13285537792
18958526899
13750876653
18763997679
18009644012
15209080377
15666175777
13812762636
15043351911
15808059207
15870696032
13917794197
13454168045
13966510101
15804611666
15941716256
18629481408
15326463808
18637355855
13820969190
13820318884
13661685350
15606927137
15928746741
15881017369
13367275610
15932405558
18576002492
15645731320
15878887732
18756599875
13582265627
18019558571
18730270020
18612041858
18642032771
13758131253
13902800479
15857673938
18551177368
18101818041
13576088244
18768884573
18222183952
15970022568
13788926756
13985559841
15928932430
15630704004
18919088098
13966707258
13400006236
15309892734
15899397779
15879020159
18721483860
13689979075
18799872852
15248221220
13890739424
18502900678
15510890432
15952012308
15008254705
13591653396
15864374956
13510199560
18179711095
13752584458
18791798763
18505471188
18606851668
13605567750
18981225493
15612583262
18739862504
15286478735
13951652974
13755610747
18637488886
13328045319
18695004507
13613590595
18211902721
13631477242
13736938827
18640799396
18806587972
15207171476
18695732218
13906488371
13570355107
13604589023
15680706625
15325550113
15071266844
15101626251
15396936533
15820485015
18013472244
15996237479
13826533929
13874430095
15888748283
13651352575
18016780500
13796666381
15951820764
18000259935
15128022672
13503441720
18601019374
13808691081
15589881100
13773100350
13883617496
13396058689
18756777069
15845825554
13857165933
13483901456
13842938716
18989192808
13407569704
15023193370
18297122059
15059365375
18602842975
18615755772
18608487167
15984520891
13459912610
18213558018
13794659679
13656859585
15250581862
15001393372
18760358887
13810524589
13037219033
15248152887
13944422164
18686418987
13818925964
13017836700
13466977934
13501776755
18211756733
15852708529
13738199191
18275920231
18996414425
15869141827
13592990290
15946838881
15846610391
18655761984
18744006873
13946045113
15995642606
18513367496
18175741357
13916839683
15995076387
15236558080
15811241906
13428853316
15281067113
18630035968
13915638215
15922555970
18993463378
13938758759
13417475905
18603797605
18019876800
15960527575
15906074563
18229259793
18685809525
15850063718
13918918722
18643445951
15844076417
13514447246
18653349235
15029943824
18600232858
18679607518
18649726163
15134564080
18732561615
15800818238
18961763565
15117930076
15176856250
18797998177
13277298382
15242943261
13816307125
18968180726
18600621251
13942191354
15257567510
15510373528
15922999160
15969695010
15182715180
13817740767
15819417788
18672863553
18934597945
18677008141
13821096529
15847270652
15840525244
13586445567
18201028012
13721692555
18604785878
13781834846
15882982780
13945107548
15127968553
13909878997
13452069636
13335521115
15874123336
15802641254
13365448238
15818789131
18723058663
13095906160
18786488684
13151079963
13661632706
18067940008
13641995789
15529536037
13438317181
13573791664
15837406958
15824133662
13785128203
15521730907
15059154157
18071607111
13239734521
15062277010
13406935891
13739267828
18995181260
18761513341
13507833655
18355725077
18699121214
13484605843
13077892062
13752408466
18520590324
13760289137
13913389160
18871180187
15127516501
15225235260
15002066982
15818828485
15927570596
18911933798
13860677400
13842437688
15770562021
13810912724
18645231583
18607172197
13837847725
18967301155
18985162109
18940883013
13730626095
18674856781
18929599295
13513216614
15980991310
15188225389
15045897857
13720266402
15627770753
13589633075
18610324984
13917468905
18664604340
13488977672
13995939595
18671985420
13572569316
13705165233
15821680489
13855721500
15318807055
15668601197
18085116429
18918866375
13821729221
18029273266
13625706660
18001066946
15558118645
13006619105
13960851995
13486614260
18662609527
18020733707
13996971753
13138484559
13294113099
13965151365
18693129007
13881769675
13641798434
18758307062
15890339650
13518790861
15070876817
18129547092
15088490890
15115172625
13557799155
15389213457
18601780970
18283569701
13939706217
15027275754
13672129210
13911574464
15869803207
18019252830
15037108859
13571397026
13991707307
15819856801
13871715729
15273799759
15692172023
15640813761
18713623566
13161874321
15849550670
13770699373
18781801689
18910319822
18502222642
13959316045
18249688817
18683333086
15060737425
18678283277
13505100810
15620954816
18638659568
18246304990
13874408393
13078800169
18986587658
15027330635
13809694798
13702095594
18762685265
18099064205
18658875212
13855425288
15932777186
18611743302
13975213699
13846071539
13655903399
18380415791
15651068700
15542552045
18664239060
18623320235
15148588570
13361238958
13836973520
13701581596
15822121719
15802740923
13418841986
15239507975
18219160394
13761209629
13369200990
13880484719
13893703604
15235044960
13916015420
13618164581
15198087823
15010369481
13575747263
13916465295
18710747103
13588468434
13969072914
18098741996
18205445159
13750262293
13333427895
18604955225
13416868458
15008303465
13911269353
18616520950
18906071234
13594163700
15262397766
18659578980
13130075789
15195987900
13582151386
13045885535
15113254667
13311137669
13017587050
18003233386
13943600019
18817950635
18662322008
18664983581
13944408895
13602113646
15014850956
13821099820
15975530884
15529590052
13739878682
15208639188
15882883733
15377286677
15989474159
15999713123
18271454949
15158505843
18991545431
13911243624
18685118403
18020251750
13632298049
13817412261
15820745378
13637791232
15806138096
18089327977
13832718573
18682442863
13913216198
15243885553
15805008200
15140068553
15901459601
15011973880
15005510551
18911969677
13450644530
13466623819
15998825242
15801616295
13975890616
13589633532
18650677750
13270027326
18698820260
15002545099
13637762011
13909997937
13853165195
18755426116
15858197500
18673455965
13206772929
13607909690
18226597791
13886679710
13914029972
15221954100
18115668506
13906919691
13950885164
13968677183
15531951666
13202619687
13818601110
18367151092
18621950956
13990819825
18236949233
15183558838
13561172392
13661724432
13840532781
13241578760
15678150182
18647032791
15511588930
13823280570
18246687739
15380309110
18635467889
15190211556
13453441007
18928914497
13515029467
18061671401
13971498767
15001089306
18179459933
18681538814
13930353292
13554056997
13106040988
15136426865
18773229353
18671070195
18655589755
13816659376
18996554098
18273837672
18608023204
13970976550
15909201219
18826487332
13528053307
15971739919
18203235390
13608568498
15032829527
13720343612
13825027001
13771151155
13398429559
13423864586
15564121021
13918226552
13958458837
13622005443
15026781602
13402871094
18210116263
13868453341
15200709978
15219508857
15239568593
13018676955
13918765446
13014332370
15951889598
15851966518
13916161157
18639951014
13524218835
13861871579
13428132835
15066277772
18368680804
15682138005
18792260505
18768014037
15305178252
15896522701
15802999920
13515229923
13616522227
15007892077
13601513607
18210432431
18761684565
18210561827
18871519241
18704181248
13810235372
18675098699
18914086701
13941001622
18936572646
15047302290
13920303126
13659589108
18745958585
18671215045
18010621759
18808910671
13611047561
18935825650
15890030939
13551856328
13810280173
18328469125
15880237895
13771818655
15806000310
18815103371
15902151445
15868791299
18010669132
15204633505
15105813532
18657935540
18311242502
15212123315
13818537015
15568118021
13996463309
13258055656
13512291598
13466700596
18627596873
15271786138
18660364349
13241496139
15076442271
13370854580
18661228215
15867192347
15837130262
18641516825
13862124949
15860173110
13457582142
15898633221
13982139011
18223575721
13718183085
18676652535
18669179579
18523401620
15085668769
13104469923
15520900157
13420613644
18605858920
13522004840
18603181107
13668500273
15643521871
15225131155
15900545322
18938869658
18679670350
13007507291
18323870691
13501228578
13256335068
15049256300
13903145144
18604702423
18773187128
13604673393
15257470391
15062399371
15029068160
13467592690
13714145787
15250272116
15215970171
13006872777
13571850928
18970160706
13810602859
13565859280
15017676476
13065185930
13397204865
15111401635
13854452477
13980088609
18679820147
15022244255
18042108610
18200284389
18009436505
15813386267
15983261129
15139582189
13722005157
18969890486
13764023006
13788030040
15640565462
15102757682
13891151211
18559196906
15366166937
18671588422
13027202267
13842517931
13439915430
13810708379
15859489470
13860750483
18820999669
13884229058
13717033224
13456764674
18638155333
18926787783
15203733350
13706105956
18729972905
15840409075
15830013606
18629352413
15044409994
18663817995
13951769053
13331663499
18257839499
18931110022
15828763094
18633623885
18717872686
15945711717
13960981714
13521396540
13553897064
15662162082
15079881763
13945911282
13775579870
15838284001
18215564430
15396011805
18621702553
15978004068
18229112061
15857990662
13787018363
15211139530
13928995176
15868189626
13795260033
15868861100
15926845337
13564789181
13330075321
13267531290
13718276866
13806495526
13761457593
18672228213
18722340669
13866895162
15927486993
18057617672
15042049292
13849798016
18684100056
18642707269
18621966785
13271200273
18346198553
13671549628
13512160109
13548439757
13927444703
18645418031
15171827001
18831953201
18683991366
18767399895
18637279620
15096033535
13587218503
18633003627
13930246722
18930386825
15818691387
13732604797
18678057921
13651598889
15983477817
18616199727
18282549709
15982191411
18996273508
13878295118
13032583956
15037108084
15359618919
18811433742
13880725100
18673056165
13561826796
18605758613
15754651230
15942870915
13159012183
13898781602
15566243132
15927113220
15071509194
18201122240
13019275131
13210663977
18050420961
15002062841
13608673770
18130611611
13917451961
13597835099
18224419004
15110000067
13621674218
15967812103
13545276251
13512070304
15801854325
15025459544
15257708355
18969496519
13909923863
15942533666
13239731776
15367481591
15848570665
13775371366
18537279330
13540425887
15883694142
15356655277
15602213451
13340800832
15642877000
15006180906
15939966494
13074000089
13327885797
18815110230
13523311930
15945117809
13261248697
15961301231
18665542450
13811169316
15955281178
18641383968
13436079257
18625786669
18062146245
15829581466
15379438177
13524647675
13584928551
13651648269
15295012633
13811127422
15921315447
15980018069
15812988340
13736163959
13810568566
13532380510
13705942189
18356058484
15830258259
13489563056
18963203167
13574854530
18676510165
18612753097
13923151566
13571376192
18801915787
18725602727
13840886417
18600221565
18604193210
15850099255
15810132251
13037510230
13358063589
13482104058
13110261743
15243621431
15025608188
15507390712
18676377069
18605996026
15990360150
13052223267
18482175657
13764671419
13564965590
13761659294
15920102634
18202863288
18172304172
13464087544
13820016427
13639416166
15181846001
18642900238
13927333573
13963150542
15852569807
15899637117
15033988500
13907822500
18624003636
13148898752
18612701838
18266415040
13538872498
15084300101
13895190911
13977035532
15286824577
18997909259
18538173669
13632711817
13488665760
15637761567
18701163708
13881306552
18758295825
15235181811
13915272199
13697229101
13760002063
13512150146
15201131721
15202290921
13846366787
13269628176
18249038300
13866778973
13023990825
18805956918
15308656020
13620258326
13384184426
13488859819
15964585508
13580429016
15332116987
13477459417
13972996866
13734581598
13916211157
13716070589
13888249156
15022099091
13657339776
13769005453
18823143607
15368874087
18913940515
13805306213
13776198788
13940489808
15555302529
18705050772
13939229067
13109050002
13811812311
15850778232
15618721889
18700434366
15849184032
18681638156
18062043952
15810997565
15986675801
15807050227
13111301305
18609504329
13167310347
13926643230
15889095220
13232850881
15290823775
15617536320
18012636397
18261941547
18684038899
13016936993
13971691789
15098606886
18254275886
13350972446
18660141396
13501060444
18215573198
15175562950
13458590635
18937561561
18859641590
18658367128
13761381374
13433125331
15668913580
18753696349
15527748070
13703953811
13910016665
18997390126
13968126595
15988731032
13906685671
13677517006
13739061697
15623073023
15563769878
13480556859
15113333515
13790083176
13824438996
18502892659
18779580606
15961169531
15875004070
18758603211
13880528110
15803822938
13190006643
13966536030
13852297349
13646203104
18663805898
15988898172
13637673799
15629033597
13609877344
18658250822
13598150230
13898074126
15222971829
13414321598
13659199395
18917944219
18329067601
13316467695
18733192624
13545199449
15658075307
13567775693
13997270247
13420639662
18516064919
15051679921
13635418954
17865150576
15030091377
18289539766
15270984831
13430766615
13872458272
18113130163
15176501141
13488670046
15003743746
15040569713
18158352163
13552758595
18735139599
18607409737
13004581320
13962146674
13418637525
18970964932
13514688984
15001871688
15224188400
13592553448
15690000318
13910153551
15822272220
13683030522
18604132112
18970932678
15013046731
14705318222
18138514019
13486056505
15517505759
15136469893
13844846680
18919902486
13804556659
15926333750
15801408531
15951984395
18267801545
13572854757
13775177965
13869317646
13940929126
13301450247
13811688918
13822259136
13816124571
15652603564
13666050172
13656200372
18938706917
13811391532
18026574052
13402991402
13834600818
18682295547
13672187263
15880013400
18551654464
13752298200
18217359716
15827346568
15540076668
13319909898
13424823274
18696624411
13616665455
15882822391
13017076768
13926472472
15355217338
15852335087
18792735460
13803345820
13226076659
15295426814
18222022718
18918815519
15264689568
18271929172
18645104520
17862819951
13855827051
13827720673
18889084989
18565131214
13918100268
13728820143
13626758794
18650511717
15821846022
13421806722
15618556175
13957571224
15295499171
18213516548
15073811121
13858738676
15757118772
18637711485
13564502268
18611900137
18645702600
13728210907
18678892632
18380253665
18602437046
15051458939
18632530097
18661038798
13391065295
13921110138
15345839215
13566045032
15169613931
13915918775
13320725842
18068837878
15107465801
13708019218
15118143143
13408477747
18930877758
13916430567
13418106975
18638689440
18782218981
15072277741
15938519977
15188920956
18805722992
15201927371
18615419590
18678780474
15637489009
13711786146
13883558422
13846745709
18917100108
18926879958
13592108812
18610810820
18911989780
13859588338
18434392118
13788037731
18230559900
15183838811
15953932119
13618017893
18779789386
15659707725
13719185811
13512712172
15210994670
18611343303
15188501787
13970003891
18775105959
13194136511
18681627379
15377225555
13831399864
18552121869
18668110361
15846766191
13109268866
13774291353
18979975345
18607390320
15801239260
13545910667
15898128284
15276262076
15995846552
18685256053
13003838110
15855152035
13648669040
18358230937
18220235562
18088674772
13715309282
13709249181
18007872043
13306237252
13686800716
13352520025
13356931028
18616797101
18359602221
18295920116
15817920817
18566400596
15122467617
18502381529
13521736961
15824230560
13906409494
15227320051
18960307711
18602524347
13324357787
13696448232
15989561907
15009578880
13817798135
13373362347
15989401922
15857606630
13535539658
18696188650
18614036369
15811099067
13506656785
13882319230
13554013775
13816290327
18814821346
15504240200
13857134227
13937862928
18503008144
13591130350
13197711334
18274250998
18862009035
15876443934
18817356705
15611947129
18292066927
18686671009
13553933832
15010732057
13826060204
13352244989
13917636107
18144777851
15000922234
13350309472
13961280052
15993666103
18095388538
13868646394
15982224924
13777227227
13890739123
18247572186
13698832812
13737045569
18561368208
15817456607
13872263319
18652998060
15052209806
15931189972
15038303576
15848527065
15881272720
18952148530
13655181846
18922432334
18602503562
18971636619
13113119126
15895590640
13550627419
15200058873
15827290366
15009997308
15358100299
18070095695
18951279502
13984849359
18650719680
13218057073
13135894681
13982376585
18907011146
15814336648
18906589010
15164826908
18980301141
18201110519
15555756725
15926363906
18846088089
15636651918
18248194832
15014916036
18671747319
13983662890
18913506400
13596032590
13883011559
13564746457
15093926222
18627229442
15013893936
13621151002
15184720237
18673863366
15276613292
13215734367
13573096606
15810707363
18604786873
15734718696
13237261366
18729552592
15109445627
18606925851
18664988356
13570993032
15188109366
13501606965
18025330608
13777140969
13987129697
13735790680
18651851305
15901091344
18505886277
13877245939
15871055738
15527093932
18734800786
15157742925
15868114934
13482008879
15902732588
13261095266
15627776287
18732531051
15080241668
13478438433
15202891008
18786724145
13662652533
13483137837
15954561528
13655017014
13944483353
13561345647
15585160269
15609069717
15002406960
18622992530
15982594144
13901795497
13810143714
13967692997
15870065507
18605028612
15800288603
13914141845
13661809440
18691933506
13678745090
15510829533
15900923757
13836765175
13602018359
18042456060
13429892871
13802830507
15236608989
15828109349
18500596620
15846858483
15527065987
15205097020
13974094291
18768129800
18626332992
18600285806
13600466661
13844436969
15891447217
18731228229
15044083498
18677767735
18231855139
15152111491
13686669289
18610881610
18632708058
18607316054
18228645561
13067452787
13977183581
18621167775
18611977634
18510089433
15071568090
13309962200
18972815208
18231869393
15850731621
18975773421
13916345030
13657603504
18722612649
15255254606
18253557737
15232511444
15185104325
15659119502
15026633508
13991844547
15178238929
15803054531
15860864023
15135159100
13350155054
18070939001
18624425825
13787042949
18985969040
15356680005
15130611110
18611101612
13715692433
15803955818
18621913035
13752586413
13567489469
15827562096
15034703476
15051598077
15824264045
13566206621
18635418688
13717788554
15051476810
18905474156
13724040429
18207590864
13818636037
13296503999
15123207350
13537639110
15846392978
18701747542
13702104377
18334789089
15803909997
18757438143
13759824297
13683867839
13468752475
15637136906
15016826487
13681090071
13168958289
13357710902
15572938155
13814790420
15952898876
13934260259
13678454787
15946104635
18858290401
13609346115
13662290834
18662599581
15561919555
13787775779
15255955099
13810818350
13355589959
18615251210
13723139996
15375790234
13736436325
18911207008
13567342009
13775023903
13927480550
13518183111
18211612397
13021229082
18605983729
18201605356
18622535056
18659108593
18638822011
15811119061
15235236807
13817224345
13923644805
18643089967
13857992033
13759429352
13469574299
13624982793
13688502119
15506176162
13949516675
13574892200
13711958843
15131843286
15961801627
18137181368
18974588081
18651650604
13508354946
18666023274
15675392769
13400313920
15099946060
13438977860
18695729605
13726622862
15845279004
15927490918
15922777498
13580381280
18043825251
15933813831
15076897407
15136467270
18620243965
15030467022
15929463007
13818208914
18950492624
18658365010
13785010096
15882749530
13807037635
13575493602
13788886606
15982289290
13889289792
18662681931
18890363436
15982146267
13231828866
15014626127
13311965652
18625082266
13600146737
13571686096
13761477598
13956262176
13957568207
15001176705
18907388570
13350740084
15838532107
18809862046
13689252308
15639273596
18018672766
18665092911
18050364901
18645293297
15120074636
13886268461
15828808187
18506481965
13399562182
15361671388
18118888883
13836719705
13891860023
18196623061
18674555880
13762547396
15158820081
13026317772
13489962302
13631625192
15162647407
15159866528
18995994451
14768950701
13699287992
15324442528
15049522199
13904440124
13826846520
18938991991
15139611017
18626896091
15618584144
13918350641
15071495323
18817325716
18662873369
18600216900
18963778456
13775067537
18098778701
13232065654
15929666673
18672667890
13738173676
13760844739
13909156072
13323301691
18503208173
18780172008
15029258341
15947106880
15281623496
13897863831
13560734582
13633862030
13735445341
18222594728
15198977523
15274887729
15015120203
15193792522
13662485820
15050576460
13451114711
13920394016
13844611150
15067205035
13522730138
13060605319
18611683028
15908247014
18233177100
18612100720
18234159661
13584017070
13845966577
15001992873
13757026405
15240428920
18611180168
13207570231
13862554420
18750980889
18019002491
18628975168
13865378780
13431585892
13887189951
18883877626
13796102611
18857114810
13712636532
13685517351
18955051589
13662172730
13526586188
13624613933
18637876273
15065271496
15679773909
13841979885
15068219567
18782915205
13609548448
15980662790
13840585059
15766077335
18626315501
15867762063
15818245285
18663529652
18610246902
15210046653
13870006206
18714503503
15906778314
18738804208
15024790904
18981137102
15260482116
15905999621
13435255831
15011542287
13253307332
15246338083
13617233089
15290877113
13566904770
13523229776
15002795235
18776743812
15988992006
15013559391
15158026355
15950554670
13926570045
15230442000
13621848487
15329655193
13511346379
13567861351
13618215630
13326156770
13986038652
15007358857
13664335248
18627027283
13588941158
18673982323
15914851669
13412077530
13632447749
18246063947
13854173694
13677343274
13424116034
18635856278
13893371980
13675549725
13400732150
13604482660
15950950227
13702092900
15816478289
13917668335
13777734030
15198898328
13911643670
18696664200
13957875032
15300085721
15960010812
15021692520
15080211812
15270952706
15842509518
18602121813
13603204400
13384720311
13817187929
18691899904
13512785806
13916109781
13521068131
15047236300
18612395765
18200289542
13581232341
13956888331
13732925231
15872773587
18652017087
13249802176
13939696987
15070853612
13916786048
13432477989
18710900201
15045903521
13942656206
18015506422
15121172082
15036195069
18977435295
15050262379
13913042313
13901590398
13473821159
13095988713
13734898367
18258512094
13587441795
15959309795
13825490959
18038903789
15930621719
13478126594
13593720508
18248838200
15213228581
13873596888
18660292013
13050131342
18687102747
13400055343
15110049486
18688334487
13646980883
13910804169
15004761516
18980836350
15261520500
18765281269
18606439067
15373082688
15037132962
15552680688
18009989009
15665775518
18107699871
13859913205
13402269950
15977713179
18893478973
13724242374
18805795885
13483828180
13984064905
13897463679
15986335296
14790315332
15858939363
13347053735
13839565757
18664285007
13987642390
18022702900
13580430891
18715511867
15093012289
15071388993
13857844094
13776839440
15137172887
18140032191
15941507927
15127607172
18628633009
13893606507
18719448276
18621283368
18932187608
13777704277
18691817709
13703433055
13906123607
13874547902
18650517220
15820464523
13243745908
13286723907
18648265251
13921105808
18775075266
13547283608
15869181622
15660012877
18693104633
18606973766
13995571454
15947278170
18604872959
15971643300
15072419873
13288471586
18825145679
18018373586
18601497525
15288127260
18617352637
15867496465
18501371245
13845116722
13982236963
18523021313
18964848887
18210051699
13625256830
15815195645
13403791733
15541355032
18640104169
15157530808
15683128899
13410105357
13179959068
13666203317
13811080360
15914863543
15095494099
18626857525
13958678660
18211605701
15801647954
15267392340
18658822211
13150552586
18761863236
15822040124
18959930909
15915794321
18600824071
13756153000
18689550404
18638747993
18611165715
18310670032
15930077070
13826978933
15011033757
15827510060
13017687595
13801938131
13528430841
18758365049
15351685365
13794644814
18766391935
15046908452
13999105643
15920031513
18612620610
13296678225
15381092509
15201958652
15562747229
13871530710
13656843889
13129201165
13622370197
15229841681
15037738962
13880807645
13018430897
13662176460
13673687984
18615782380
15990172233
18666935853
15800782669
13348800508
13534833332
13458120175
18991489438
13902666746
15802189425
15135282341
13763622445
13940055045
13816238802
13764459001
13700164153
13702332326
15868668911
13542199030
15868460494
18366254218
13570583793
13510704398
15811046567
13601205872
18201506099
13819818767
18008887975
13739762779
13360526502
15250479846
15841293550
15152149186
18352436359
18684945466
15388217939
13798287434
18056061240
13766512651
18675004982
13078408521
15222595915
13779688978
13681319481
13760269256
18639681437
13500511618
13717063546
18155407651
13819572592
18997671068
13708216928
15905812388
13361378882
18637519939
13980646252
18690145837
15618854571
13006368118
13821290100
13862519153
18601149760
13818676861
18602112384
13632333769
13735046547
15009870177
15049197019
13623975702
18744048919
13636512748
13692255715
15840292774
18684809363
13396783030
13817539849
15899950492
15880006632
18622372337
15949250857
15235093370
13541293145
15522518220
18605711872
15857727663
13018920579
15186214725
15956017578
13936779233
15625659868
18996053994
15176584053
18358116230
15096199543
13617434310
13989894773
13562038511
18910072392
15246772737
18746958660
18919580344
15861838396
15673097090
13790663284
15982193749
15002898013
13587796767
13761378510
13939506971
15827221263
13849437412
18635606415
13501338604
13416165304
13338252789
13919213986
18710932170
15000686618
18696785801
18096872595
15013276070
13881887102
18530077352
15948032237
15195986950
18665339882
13785033305
18381320823
13081117757
18269820907
13602098975
13718588514
15121881064
13523611194
15918378799
18611757895
13805525830
15166969503
18766879789
15007556442
15215195210
13924231169
13837887169
15967852271
13722606561
18681808540
15216128735
13561129333
15959380650
13913966144
18502096323
13861869557
15994449866
13555887164
18768172879
18283162870
15180695454
15625542011
13960524361
18031823366
15620539975
13812032173
15528886688
15091533440
15996298149
13646170107
13912366424
13470772555
15124668856
15626470924
13507922209
13590621707
15959231091
18825180651
15065720288
15886583152
13625565661
15241360570
13771201559
15834030035
15823893330
13042006306
13623672716
13585148488
18620049020
13889221238
18602265365
13420903711
18017024471
15760573491
15914862673
18963660809
13644993899
18998761338
15397087007
15046087821
13456144233
18661302398
18234036250
18611710376
13948897388
15828206700
15158936290
18648128545
13919311758
13967361507
15995042541
13910230654
13999113312
13858933664
18639168787
13916801350
13020121098
13844072015
18301809925
13891356306
13987129699
18769437422
18618469973
18950505172
15239113424
13606659743
18984309077
13564153631
13222286355
13072929353
18069090936
18721522103
15904586636
13420757387
13537382554
13060999485
18645268001
13527310916
15592762881
15678188890
15262441214
18635838806
13996280599
13980427374
15370011561
13835248058
13545333458
18682703474
13451748429
15822972595
13457082600
15104327061
18236667033
18677016064
13702252093
18604313208
15862962001
15188318690
18681658979
13317663008
18275316290
15077835745
15870066532
15915936920
13437595707
15161188628
18919623532
18640017921
18062026115
13521234921
13640708758
13855586501
15866839750
13359554320
13865041970
15848001790
13450290826
13801761785
18649061493
13250352080
13259201878
15816810693
18508437207
15156683156
18098776098
18320877896
15036577790
15088061604
15802546883
18959287979
13804969656
13051652686
13855524561
13972240105
18623883740
13840070659
18007519887
15991626280
15945642001
13158112992
18678279567
13606234557
15139935225
13887347508
15288208543
15092232126
13452490182
18246370041
18623387127
13554013551
13754160354
13382111226
13961410516
14782620960
15541754321
13935167838
13917709597
18964345781
15814885088
18651613660
15298299657
13929951308
15538089565
15019715207
13862172285
15020065071
15938707033
18629296715
13258268870
18770168820
13681245728
13626749428
15775822345
15953792194
18710167062
15011085690
15673659110
13596593088
18636231200
15951658870
15107629410
13120139950
18250739858
13261249769
18673362253
13817420972
15705215075
18911762685
15938189915
18638241921
13332493431
13820922657
18058182570
13940998729
13028979687
13512152753
13799266133
15140531072
15895832938
13638086507
15002556242
15999523592
18873225093
18058247389
18622765482
13952878976
15623992530
15800616740
18652444364
13709013127
15965406095
18271645633
15088709737
13523649911
13609619421
13526512080
15168748853
13528035796
13739986186
15067498782
13841684327
13509966787
13564359208
15212935930
13089730195
13094888822
18602723501
13939001070
13249237287
15884571265
18670376664
15651767055
15141849499
18656464020
15941489041
13914991220
18614092811
13710121589
18643956641
13031114238
15168353371
18645917076
18676722330
18703672010
18701431569
13979956989
18657453003
15245290685
18278368258
15090409342
18950396388
18735491875
18654393391
18608183583
13720860778
15161156938
18820787408
15535753278
13811291068
18702707671
15068117508
15651712906
13434783505
15810561801
18292922260
18073686868
15700062711
18031931589
13643808006
18727375754
18620097637
15955371177
13964727690
18137350778
13555970836
13945677382
15246915575
13943008949
13122187028
18602017722
18857765652
15352612723
18983810480
18768534115
15914130895
13676746123
18671238039
13703981853
18688507991
13990606370
13585732735
15261236855
18622156213
15918523536
18282695552
13652229555
18896601105
15370751183
15824801435
13456980323
13452995059
13901796219
13582225939
18779465582
15600452648
18005376111
13587609499
13535233366
15150826021
13331504007
13763853428
18650718121
13895978528
13710394395
18841633220
18990089056
13501795741
15188601571
18756160510
13540701227
13913937165
15367420319
13721030590
13424872500
15015255054
15389833771
13594370031
15158139668
13605132660
18201790210
18678141949
13786253650
13266240909
15716789512
13035635316
18738317214
13962333653
13768641414
18155262668
13809994706
18874844202
18725830803
13418216161
13777425522
15517678289
13921532756
15933955689
13419670285
13343407087
15898244711
18962397823
15901934069
13550200296
13945601994
15388606390
18960043990
15620314553
13831718003
15597772507
18774094685
13759646687
18217198018
15091184473
18664323624
15909468560
15912566300
15801652559
18520902062
15158119400
13762931696
13473396674
18858071170
15867563251
15221123600
13239311060
13703688340
15990074513
13910197976
13559029597
15164606273
15884452052
18352535231
13019687220
13057499760
18937509567
15982557785
18681170880
18575664338
18365988999
13717923989
18634973589
18280356119
15298225496
13758288018
15197481136
13652720277
18723471841
18606614999
18629658858
18716356599
18908967088
18601653613
18858296279
18709221819
13901739826
18608531269
15225296073
18020848187
13501295033
13242349009
13550131531
15817169390
18651412698
18921097394
13907984106
13103003352
13916688881
13357882916
18961763666
15991072211
13928268399
18032863580
18668969416
15809209224
13426350193
15112460251
15880940930
15204559157
15021498280
15821007219
18019585672
13585236135
13911684692
18799283676
15874281901
15046375101
15041599983
18685511033
13074276915
13689794976
15863700223
13529270896
15852813030
13909068560
18938077243
18249635101
18698021009
13809429432
18577261876
15138913308
18805874281
15000385583
13880210254
15800946351
13522447876
15172472178
13701769481
13535497536
13867787282
13317669886
18601159495
15825569170
13139510953
13736906936
18573514254
15157590484
13650617617
15002810275
13722050101
13991265920
15153373880
18817739359
15397767700
13689070680
15923359464
18077362727
15273137896
13388187737
15259086488
18061330030
13866330697
13302269848
18501688084
13772525508
13770576428
18870292080
13983981611
13882012060
13428749564
18901086388
18652437851
18613999693
13058001700
13818834423
13951587463
15923595530
13646301776
15015453758
13802575787
18850174330
15516489587
13474984041
18217221490
15943706355
15106073339
13771670940
15629264119
18910475659
18643013161
15985555583
13165901716
18868935415
13591505879
13684787147
15920304651
13761318798
18658726990
15042456737
18817787450
18699302713
13146819966
13121864423
13905513697
18742418000
13195726576
18604987878
15845989709
13811903168
15915763334
18671777020
15121032251
18071727301
18605148046
15896865963
18913176715
18604418411
13768708964
15941192263
15056607869
18687016334
18965665560
15144536060
13331229962
15585580120
13328150615
15574762320
13524614536
18692838866
13190213821
18656326543
13328071321
15901543143
13668205464
13778218996
18780200780
13325571883
18223850966
18623006130
13952016465
18701413385
15711235061
13302311611
18620357249
18396372958
13603985622
15801586737
15968957992
15279102470
13936900060
18610996127
13061460242
13999318655
15222222417
15959352250
13763694848
13021599802
15881041018
15873749088
13735555105
13631221703
13761955713
13227684080
13678746913
13336108753
13945618087
15868564499
18674307711
13210991851
18620545143
13469383695
13886705138
13459028842
15603342520
18689962488
15971886371
13911418378
13859842314
18695857890
18701560197
15271575717
13989550434
13101936185
13631612652
18299254289
15168228568
13645150402
13658987686
13619933990
18738992942
18979666122
15900836290
13840496061
13681176318
13904048440
15147632413
18850261376
18393571502
15899966714
15616369328
18678810950
13619259370
18221318448
15172644201
13858583899
15240680180
15951579444
13018235054
13839901539
18737510089
15827143475
18676279740
13923410197
15030412563
13700769227
13600256429
15052128280
15809311889
13428777965
15067035210
13702664006
15930448386
18858318995
13661782255
18784657628
13810266276
14780801934
15946773917
18611786858
15723414696
13677287748
18080482967
13750023247
13601685225
15185139922
15867015051
15168828868
13064499234
13249211414
13393122889
15560863878
13787329490
13127106203
13817767620
18908065199
13604105215
13853950819
13429899110
18759390934
13217735583
13547098815
15303130212
13683894989
15000732095
18661879658
15023235728
15036971818
15054726868
18319532839
15201050705
18745975896
13600161665
15157755126
18628122345
13904976250
13855564880
13527889178
13794935935
13759763747
13314030551
13913872856
18336220630
18673158745
13415533352
15612110790
15884696671
18358056936
15279057219
15058469176
13773666215
13874955206
15602609615
13646558248
13662841486
13883508141
18655835992
13819957126
13762502660
15267854334
15399753861
18659005797
15052151658
13676796810
18689218938
18794185532
13564578877
13473766469
15281888576
18095128774
13785927477
13733735173
18653932085
18107932788
13386360771
18365053855
13817928825
13752800280
18691705847
15681823165
15229060645
15037112119
18221063983
18613188266
18777886616
15007879603
18645694679
13971962977
13892775153
13601961031
13601605502
15962341713
15291285009
13648246564
13527565548
18970854919
18793136279
13586332871
13155328317
13799216246
13704735747
18916015010
18260252820
15980030395
18627760730
13319632345
18708160703
18767273389
15184480205
18583863956
15095329787
13682022356
15880045991
18463091978
18264388113
13402080969
18620892105
13983063614
13910160306
13881858823
18660002606
15109111711
13545386396
18679206902
15105146212
18080346756
18206538759
18079752590
13661696200
13124969570
13529433245
13288657901
18184135271
13857682085
13760341694
15237167117
15500133344
18948865899
18640561335
18668132202
13716075426
13890129424
15319736920
15002931528
15955066030
13403249307
15032322031
15110247193
15294491922
18581845050
18686422894
18342367235
13828084568
18633092328
15928406613
18086683665
18024626836
13599513255
15022159206
18115668617
18655185124
15170202503
15099945345
18768178116
15697073195
15268192347
15102455222
18703909505
18266901008
18931828519
15867730009
15072061580
13852122144
18690173466
15627786555
13888888888
18001428878
15036365861
13272632697
15157963855
15871696709
15160724851
18913825535
13803837121
15856257790
13865413780
15336792967
13817672960
18608327077
13567387877
18821908032
18602746043
15013011196
13539804320
13816183374
13717740026
13751102053
18620969172
18081271389
15091159609
18395298383
18695722787
18950887569
13029659286
13610478203
13316818644
18973385789
13516518285
15882323160
15613368473
15920085723
18982371763
13793782906
13366210332
13865026026
13110088303
13604986390
18653671921
13376217557
13772959919
18663859756
15849546656
15990152085
18686878803
15946789873
13950138521
13323355099
13608019410
15010867133
18666589559
13522379758
13636030167
13819773015
13897123856
15888518185
13287687077
15877275108
13868716850
15565759585
15988152975
18911867664
13480553386
15884710873
15887429904
13912296563
13526572325
18091768682
13866193070
18652152851
15935650490
15246095818
15991024454
18997576456
18672029529
13680362514
18857192731
15174125907
18046647898
13566813558
15838107788
13604462489
15852558324
18701812492
13664774992
13738991921
18537817929
15231215658
15280997253
13621789110
15824525737
13454487366
13301120513
13581800172
15000189395
15543010847
18268703942
18665671887
15828032457
13777183527
13629455481
15655826686
13811451849
13575700083
13560248038
18508180493
13889484800
18280386780
18642622195
13721323126
13909447120
18075612012
15904418225
15989007732
13434628807
15165227889
13968120094
13870010311
15251159663
18573637761
13575590570
18299102102
18656567021
13581875337
18686160463
18700878804
15852153803
13739271871
18974986845
13960752000
18907151532
13274340082
17863837180
18342150505
15349504950
18503147014
13588201158
15999862957
18664995979
15592514208
15961290047
15305202192
15276579950
13830968531
13194981322
13805173340
18629308232
13520055874
15972585926
18706818632
18741353881
18681383170
15295123427
13775821116
15156529807
18620776377
15238397630
13486110708
18652391233
18606319038
13275069903
13693643087
15010599256
13702092061
13669131358
13959741962
13605277730
18047156688
13807296300
15001707370
13688810722
13524732134
13678774485
13666610601
18625077383
13876791328
15059278369
15036588559
13505956192
15174010016
15662521836
13504776631
15516660730
13530296995
13736491447
18940980138
13910712587
18643464005
13336799460
13946131348
18266951781
13692718116
13338621088
18609104484
13383833496
13296449122
13977637252
18983841230
18761515191
13656866277
13027239926
13886191130
15084790290
15013040410
13813569790
15951915212
18721030120
13637773947
13966101231
18003798998
15059635805
15158575089
18961375252
18503169900
15698170816
15808069676
15124297444
18908420808
15000951490
13510182826
15505477509
15807144801
13337450322
13120000343
13242435025
13839605611
18061130078
15093071364
18672466447
18254598960
18622053286
15069999897
18862374676
13964312151
15893948712
15653495158
18677773443
18946664876
18216203015
18605643529
13798709120
13894586161
13546006300
15858261580
13433570295
18889684653
15679232393
18742391486
13312761803
15827180005
13721708082
13761025494
18698849178
18645086451
13012730007
13707282622
18949109127
15210999100
18783833747
13382119238
13811612230
18992069979
18782987045
13572239669
18930286869
13564271479
18259001587
15678028334
18883222849
13689692993
13606735593
18651811450
13805102058
18635028130
13986885045
13286692893
15283633497
18944933303
18253210005
13643515437
18664019754
18680349514
15882569464
13688201327
13038479625
13764035214
18663562710
18753556992
15197783979
15716753216
18271946595
15956203037
13668988185
15821279086
15889899644
13501969750
18375853821
13472117696
18600890443
15608892382
13879198860
18661826519
18605929527
13858880081
15141973219
13564067642
13974502332
13799841990
15019567980
15601762525
13320041120
15181048020
15888316753
15825042223
13436985057
15757133230
15970368755
18628001032
15818540272
18676739529
13918565208
13676002724
13795215529
15836961822
15847717070
15872990743
18684671933
15865810022
13917858458
13462608058
15049304241
15098358029
18606407610
14789795979
13835775301
15059998760
15866739373
15810685015
18673101566
13716900264
15072201023
15957643244
15997408885
15216620601
15960507973
18211476486
18606589082
15683668687
15986839712
15904105123
13616633305
15091711751
13521771514
15101137645
18684981136
13554845030
18636229749
18845940257
18782460152
13037349933
15970248729
13476229881
13419600901
18729393505
13811247213
13693950274
13464706668
13488691843
13664185277
18218090299
13764199436
18030980080
18505818283
18048105398
15201133834
13666987272
18248123661
18056271180
18607020259
13561191578
18695692660
13882086284
15852141989
18620273120
18759201304
13983692653
13003282182
18980254896
18728497500
13622141401
15014130070
15112127072
15204306872
13929231115
15239433252
18606651631
15002298836
15645933334
13602079797
15810820728
13953025761
13594730743
15137726061
13538801730
13571277302
18056076000
18674583711
15983242248
15883848583
18620182244
15547923420
13356081357
13793777993
15077876585
15841704530
15328879815
15002980750
15282586627
18516126235
13596386801
15052760966
18222823559
13940360617
18621704979
15663102988
15881475944
18626469601
13666638288
13761243035
18251192327
13980440806
18956236556
18968990313
15817392161
18296005857
18268930882
13592657574
18261515450
13419217350
18774990015
15118284634
18868874970
18777807918
18676887202
18701900878
15013782852
13773183121
15093347963
18606297077
13516099832
13795459503
18686026261
15108382163
13354283477
13793955712
13637734624
15053863364
15860400074
13819876348
18506429093
18842603610
18710661626
15942893824
13816848723
13803739123
13000000000
13554029635
15836314392
18607452988
17608008955
15630280769
13362650518
13378592688
15691991566
15181395502
18762412687
18689311912
18503871179
18754292484
15282793857
13766691107
18637312352
13996888428
18537500709
18679113507
18080180518
13680307080
13980429189
15833618571
13857463067
15822457171
15158880713
15182912256
13961774055
18672213624
18740601573
15065177803
18662568071
18600953632
18757888193
13585852242
18606851768
18861905578
15021329586
13871528310
13513554623
13863609951
13967778607
13691115679
13571570930
13339688641
13995750631
18670641082
13819065974
13392558242
13729995542
18745860278
15881625007
18939007081
13705166356
15298891453
13342133433
15252701573
15889629831
18980563777
13991173956
18903905973
15238666901
18027650568
13738693920
15974127517
18709373120
15836657124
18079101327
15835621556
13936344784
18677537672
18202618533
18318567589
18981972487
13167158790
15035671797
18341282428
15802677047
13632015528
18942330726
15015250187
15800745663
13811236914
13181081122
18768191615
18666073155
15099132303
13840805048
13750029358
15983293929
15010217804
15059313340
18609471829
15890029007
18678003548
18626857939
15205696135
13932356162
13811079685
18629867541
18635312101
13868705372
13615178898
13771777408
15243047888
14704174977
13001960961
13875454245
13156186766
15986815369
15037197778
13538703226
15196011557
15057372818
13970408203
15881014101
13631125344
18701542352
18717995665
13118253909
15641930169
18672861356
15566899172
18069695346
15262000469
15713773956
13219120738
13788953337
13298519433
18913809141
15034165219
13066429837
13415146133
18088848007
18777330123
18231179699
18667832605
13947550044
13149059194
15305770995
18357307904
13711773282
15034706812
13520964887
18660766123
18675254865
13545216741
18627771314
13624952478
13916730994
18255111822
18067008520
13286117552
15061980850
15846569909
15959229937
13686871301
15328599288
18269657592
15196571043
18364869506
15118104440
13092819994
13678472051
15290127767
18964565972
13256327226
13426156340
13593966556
13111531313
13127035835
15886851469
13883557020
15002025728
18621082581
13751025920
15213127194
18683452282
15066722011
13852923449
13564634658
13474510210
18951568065
13770819527
13413410623
13338857333
18841845851
13672252807
13911004131
18631818621
13450196570
15874416568
13716647307
13189314122
15206622244
15261542908
18646046693
13861370255
15947591400
13762146622
18736327172
18605129337
15575558486
18606495022
18685326162
15629082135
13682071199
18620285286
18688692442
13488806846
13861139929
18056875266
15520960795
18316020860
15268621042
15989167405
13805168543
18716705270
15959074524
15266975700
15177778787
15912585343
13868086468
15902227117
15001315337
13567158294
13602109556
13506455712
15925884013
13656665402
13684600085
13477304488
18664867840
13581744397
13023262941
15291197526
18982790081
15193875836
13770914589
13305614222
15295823423
18696155071
13913141563
18909555615
18745083992
15388101681
13530746531
18503058832
15884263062
15867863848
18210136176
18613958536
18622407170
13640692423
13616911196
15886737313
18537954885
15959199606
15049088964
15319942929
18073415001
18600887152
15918705300
13426080871
13504950101
13164283900
18103938883
13089275988
13735288397
13179500158
13821904156
18310237382
15182871388
15328991308
18331761101
15907975829
15800021016
15996843277
13925080509
18355275129
13968196810
13819403373
13809309571
15060752824
13738777775
13832949003
18686864255
15101956188
15210892191
13575705881
15896809683
13819987876
13954098515
18738695050
15222001023
15921852420
18237034256
18665421147
13314356570
15814469263
13732915858
13940481378
18670216787
13590877111
18842954568
13565341952
13534054182
15140355429
18858814237
15878325050
15057119250
13806355050
18601529227
13736917924
13400025516
15138122760
15288460855
18539802425
18764008602
15957577532
18679615828
18637644479
15995265989
18655373565
15088601247
13377930542
13268070799
13946169974
15171864060
15094772559
18910281338
13882255854
13439120536
18223588032
13500512880
18259237608
13853853128
18789198775
18679351985
13833820330
15055181720
18249508556
13286183272
18608697080
15971403592
15666452093
15090570369
13918272864
15958196344
13570548485
13438326136
18236698567
13551060240
15859377711
13590375657
15051835275
13310092992
15889315320
18768373586
15922751431
15859114535
15930979454
18328729254
15860736754
13565190276
13980790930
15599167360
13410319617
18550336023
18937016795
18612689626
13750011045
13903200996
13717842136
13696003996
13273331360
13858568228
18863341511
13041003383
18618488803
18351969058
15507588764
15186696768
18782427874
18326688520
15133428651
15071997459
18506660768
13605135371
15868112534
13926992660
15817459414
13986871168
13307920321
13506095024
15517613055
13462111029
15384086396
13916738129
18617187003
18611107840
18237380755
13554913227
18201710995
15285393152
13926170720
13972002066
13820135187
13573846466
15639926120
13018333335
13524869614
13921588736
15153943810
13931415710
13771548463
13633770827
13480812440
18320989873
13913999397
15264728945
15981960210
18005877768
15355532880
15720077086
13588755607
15280711121
18798049891
15510911126
13848165137
13899911066
18767170327
15162945735
13799123365
13886174466
15921759301
18967188521
15867976608
15996223515
15517931216
15172047905
13626267822
18716323325
13819272323
15206686620
18509336112
18523277536
18809780200
18603723107
13689913136
13539810090
13870051329
15226258941
13682093396
18620990703
15003902871
15253149481
13913323160
13761715161
18326111456
15112765925
18783912713
18685041728
13968757122
18682231301
18694945524
18923934639
18721585921
13563427103
15101066106
18664565496
13859744181
15505992319
18617324808
15996237957
15148188826
13917452405
13913697150
18670238403
13480017492
13352110011
13798693704
18368871587
13882832261
18274617531
18607083344
15528157928
18080858967
15335277040
13909915469
13651807963
13997220660
18883714659
13807278137
13712145282
13949394372
18969798269
18980554722
18349186170
18118349106
15061115100
13224272444
13890302297
15610529838
18717741320
18346838669
13666010769
15626562665
15836308978
13477086436
13812751257
13102031931
13594138101
15139973382
15122749770
13412335724
13720139969
18871299299
15850231837
13870032422
13224742737
13777632486
13713496496
13774471577
13777598648
18392050562
18651971194
15155417900
15820583356
15192240174
13160670058
18681537984
15164354073
13352915515
15200561393
18177317936
18780463550
13480839978
18257463106
15125449683
15053385360
13814453169
15944280680
18551127127
13608308907
13996003956
18577188191
18641021656
13482250004
15123979408
18356288889
18283449136
13404359284
18270756580
18608609469
13839207796
15823386286
13613115035
18637152533
18777000857
15837717746
13732030726
13022778088
15196327203
18669336752
13674155131
13662279120
15527263690
13697177289
18628000932
13829126593
13418895900
15926486865
15867990258
13961749918
18671066827
18551170131
15019974393
15155173647
13883367103
13783588046
18280857686
15153555801
18600673345
13926066351
15251859916
13640859365
15805609221
18623334212
15391604480
15861669313
18773906200
14718187123
13930339393
13882592896
15850088190
15150368183
15082166088
18622858598
15822464552
13568295658
13722528553
18381659092
13824600388
13365911558
15937563755
13686582364
15306667576
13682008120
13685063022
15282007125
18609432538
15818569812
15623242708
18872193119
15110202752
15221381951
18654614711
13276022583
15887866273
18243119107
13637551121
13982175437
18870088007
13793679570
18717750286
18682007944
13945229897
15195016018
15054119587
13972194212
13483999027
13037466540
13012903962
18801900800
13923075177
13587868515
13762979995
13699479169
13937496832
15140855188
13975154520
18199509999
15072385159
18701958074
18687126953
18982158208
18957584024
15087953058
18028706450
13581908215
13067437850
15242992123
18722126792
15884684124
18940969762
15880433008
15105296268
13693453945
13717877727
13177135186
18359406997
18983790924
13481135577
13427905560
15288823528
18511821121
15135165563
13525557849
13589566960
18615745679
18601936289
13725149046
18155889283
15802870343
18662287398
18382933236
15024103582
13299727333
13564409457
18883253859
18985803305
13828875125
18388923213
18423153068
15089035790
15996203951
18211196893
18623667170
13510637578
18604001635
15807535154
13322266293
13700089849
18042091450
18744891314
13456858272
13998585037
18753506046
13392060632
13656837176
13640914247
18921508688
15178857396
13476129225
15565313812
13938435434
18317060242
13968826412
15029829095
18798045700
15840022234
18202088525
13757462996
15142059300
13682565545
13666193572
15093098387
18513682073
15805816966
15020623930
13775611832
13591458525
13482184754
18146682183
18076705963
13792270735
18215588403
18161158998
18681259283
15368194259
13816109994
13506650512
18773255630
18248784098
18664862123
13855201385
18616351183
18160751393
15075641357
13811657527
13480642423
15288606050
15170959407
13518149216
18370391026
13188450663
14789843832
13411162463
15325233339
18689991120
15295008625
13676956058
13246922246
18897728109
15836380244
13539463779
18291252931
15240009393
15116609709
13003936062
15999952115
13030893635
13704155875
15840284372
13554990462
15665802908
13820385363
13652907657
13524397559
18013730125
15155781102
13636516197
18858690193
15801686796
15588578123
15903412156
13750955154
15899889131
18600973521
13222051005
15210071516
18780007325
15010996689
13789552836
18359188872
14781954185
13627200149
15801919343
18710171557
13944158681
18828073610
18079556795
15842254624
18758138991
15138741121
18037172230
18913176996
15973237124
13313751901
15675537198
13789939057
18510508948
18072886963
13549850518
13073968355
15262011610
13783330189
13829115742
15212199028
18373111152
15058375923
18765279623
13796362200
18981262670
15258775439
18353357036
18604673848
13783530360
15659179176
13823556492
18608407803
13184347021
18641969580
13682076159
15837533278
18825109196
13985096464
13972001907
13157196306
18706567867
13523012125
18226766023
18780907506
15328433393
15191448066
13925317700
18989027178
15922486680
15150722265
13592668350
18970081215
15071118817
15946555921
18620028623
18638054041
15909297924
13651179531
13799248822
18643419740
13358118862
18744391577
15015512412
13541796550
18975312102
15840485010
13650783944
18664880559
13245596026
13187009727
13581479550
15825956442
15963955355
13071373424
13824349605
18607432980
13915512464
13608022010
18345243846
18261522154
13918057663
13650468686
15986549611
15813387032
13525596515
18659913583
18678836158
13655417497
14521697923
18345432179
13919076621
18671883928
18673680819
15202813113
13974867715
18641191660
13915389953
15350047072
18757429500
15801483371
15510813690
15913898335
13506099757
15100890197
15991834330
18691995591
15826926313
18669676749
15926028249
15132243220
18963688502
15962628422
15046836009
15980909947
18620111024
13710176613
15291155592
13953519510
13502005645
13767430278
13706615685
18675566300
13407328481
13100344878
15998946365
15882401689
18553906677
18963261189
18120285500
13321815798
15154412975
17759212866
13700259671
15968526997
13488507604
15938190006
15558050755
13782351981
18607964105
13970026588
15158507147
18677053171
15163002604
13966040033
15985821091
15826404688
18981851325
15960192555
13477375286
18657099878
15515539708
18977192231
18045628687
13996673313
15813694014
15831392185
15221555032
13699017332
18726885548
18600965778
18791677929
13578798132
18633637934
13510641610
18377906611
13552016151
13810492008
13331788322
18691887607
15057777463
18747145679
13911351455
15986799303
18679103988
15141794484
15175159666
13751608722
15503708389
18652062064
13704917896
18985382220
15267817729
15927007010
15068091108
15216780487
15833379765
13554008505
13432115799
15527288069
18605909815
13903004912
15908849640
18859792608
18017855302
15506909893
18003831805
13931545352
13723735132
13702201113
15190663724
15081690901
13505711347
13307970865
13880419533
18291698073
13535324705
13643284840
15281606169
15129293943
18703086468
15945126726
18791420038
13513531034
15052143321
13242958210
13246706465
15504085978
15196229311
15818166711
15999926499
13868377128
13152005311
15276957632
13968318728
13924625151
18031008706
13904567770
15119503142
13039777882
15965666439
13609879972
13647432021
18671780513
18872786978
13902615551
15889885432
15000922520
18351553309
15867831922
18028502206
13190132082
13123806233
15561938456
13458833533
13635512005
18897192147
18030808326
15505551818
18654553550
18302425513
15626480706
15115166080
13305318398
15093757807
15142863226
15051202187
13585756988
18943178094
18271201861
15386747568
15897957562
13470029199
15757679332
18256190338
13501692773
18330228020
13894806691
18611922518
13339591859
13622080107
15193898423
15291814840
13777672716
15692053722
18919720637
13639142008
18267238781
13965394615
18952010995
18742326437
18610912390
18001556855
18632080829
13641700337
18739237290
13266019997
13703670933
15201273675
13684919722
13975859504
15937676958
18262189319
18545200080
13916608246
15651065071
13938425021
18823901010
15611069104
18101877267
18506058281
13721869229
18980915633
13598599007
15022538525
18190792055
15013630082
15759267153
15909076752
13515110180
13687093874
13994305527
18756282420
13803427054
15257205566
15846502496
15638083866
18940793286
15830215561
13945734791
13606859350
15237841711
13425501318
15209290009
15153315671
15013948421
15920300466
13123836928
18091785938
15806303637
15655557313
13893782461
15344416406
18281866935
18611920675
13523065340
15250994913
18652899567
15291602802
13688469787
13412287094
13178160069
18715323571
15059488007
15242062068
15052411028
13512172777
13870889930
13826001038
13426317032
18068935111
15963741997
15921125507
13482887461
18698863707
13627253319
13540481880
18716635873
18679658353
13829842765
15281198998
13204730889
15168352058
13783678784
18693160096
15162086006
13550792717
18734474009
18728285959
15827370333
18189444177
15914344537
18727206232
18671909660
15161777630
18651507720
13727052532
13055931095
18689200315
15116998923
13018060159
18523191955
15558077766
18074809095
15883737071
18603839324
13904619439
13678240837
18215681690
13903725255
13158855655
18679207105
13842011897
15959850404
15088502400
15945093110
13751657383
18660423397
15280259195
15874329199
18605949299
15060003537
15975703287
13369128122
13943555536
13476155323
18058181250
18820875566
18604146451
13915947542
18245123633
13969721123
13676683356
13758016920
13700099937
15966491860
18007176435
18719829094
13961874671
13838481418
13259681840
18607116277
13508241915
18935445744
15715899015
18392127047
15331722536
15220173417
15298227887
13121318182
13834658204
15606608307
18645422366
14790950888
13643794613
15863850377
13558794693
18551820407
15929277293
15228826393
18618410576
13522731070
13524361299
15109582010
18659994129
18311085253
15010935138
13936418317
13683553098
13760361053
15976412799
15334136060
15036644664
13008550563
18305286658
18767858071
15213006420
18795611323
13720550887
15532126602
13691550615
13735129667
13511846705
18913947202
15123217982
15137413763
13758796804
13585991186
13558585911
18289044155
13852138174
15098219831
15861155525
13590196364
13456312159
13113041113
15015615465
15869876969
15211014038
15987424323
13960510622
13285126435
15041847780
13851584198
18765911558
18031126376
13527540564
15737148619
15015087077
18679215610
15059455806
15068056431
13501998997
13607823421
13647913165
13535358564
18628232356
13915738952
18500524899
18398716927
15167464415
13596465156
15170067900
13294819892
18865530599
13879903733
13648902217
13757745009
18739087389
18825371014
13554671636
15000900187
18016302570
18007301322
13977825922
18862193959
13789950404
18777260621
15121033523
18857112515
13581782177
18919844348
15158659719
18981550097
18791942622
13706982351
13796333926
13501151447
18687511091
15045419898
18610062007
13052475984
15921701272
18768122292
13842625396
15122501153
13082800897
13894784986
18709153952
13564124746
15680050327
13163726903
18759876689
18301907280
15015323310
18653400337
15150564309
15622583385
18702895655
13968700958
13864886014
18747622427
15036630832
13305098092
13820225269
13683997420
18105730311
18983991980
15859428145
15129365521
13392500105
13251525234
18715562227
13987408466
13486601911
15911004475
18022063885
15822127649
13639831525
13670150130
18937706202
18398601315
18997731815
15062118738
15907908521
18923363118
15828175857
15122211686
13958882611
18741352396
18602968163
15221302054
13650810904
18771565295
15121155758
13162353309
13786046605
15618390618
15000200792
15902233443
13793281865
18669799025
13718054455
13508391682
15251997418
15627338558
13295918301
13916709223
18938683244
13953676122
18055448700
18914987651
15298408217
13304229600
13889695758
13750685642
13816767607
13276979791
18605978175
13563275985
15882440335
15099580805
15250411248
13604599771
13222626251
15811229108
13810348883
13807949694
18608068779
13959889198
13602263030
15282245106
18862108812
18696508200
18588225513
13751100400
18611978298
13511817733
15290252355
15978651289
18721779466
15179447667
13970005553
18037423777
13268841132
13682579146
18931027273
18280140414
15612955896
18057187520
13513463857
18730801134
13983874714
13728809342
15390069036
15639777987
15001806136
13842053968
18989028585
15202400183
18679503566
18685755660
18324607748
15604553767
18701505188
13619258568
13853991279
15038620692
18626322751
15947646000
18641710572
18809776204
13880848391
15067054737
15364458738
15681286086
18268536373
13920160307
13269718751
13716761082
15154105223
13552723979
15087018090
13850645145
18677310256
13674747110
15755157977
18680218604
18693125432
15952400809
15174991579
18701208494
13696313151
18859678801
15604666554
13561183171
13353383369
18506566827
18040051218
13948084224
13437189982
13033501060
18980559039
18350046444
13687176691
15072076564
13898990334
13085904888
15852452626
13659980195
18685087856
15024300857
13087519219
15147620108
18080815949
18992813368
15010007080
18610998919
18107191856
15260933094
13052725971
13389188420
13681120863
13522139317
15857833956
15906724612
18841269060
13774057819
13761206877
15826191879
15107385567
18940671527
13778616907
13006468551
15631208221
18626308482
13548261838
18233100887
18627154803
18688785353
18754704103
18618124969
15605569922
15074989319
15197755251
15368705918
13659462857
18057109260
13818915484
13583279113
15001737772
18620212499
15158702330
18316371052
18073479895
18591716590
13223076570
13996712017
18623093163
13810732138
18981735362
13919086076
13886146890
15902606100
13886166186
15886530605
13519351659
15002118166
18301885703
13820056592
13509341867
13770924959
15173255781
18717185541
15208292325
13535015672
15958883039
18351491028
18686311545
18602842393
15811097234
15180546220
18646501019
15162621621
15020541313
13424111017
13856905974
15950464437
13555569156
15179169989
18616191697
15082045426
18099879446
13937140350
13971396413
13720519018
18620674927
13083546818
13913520875
18312836750
18661223398
18951907249
18348491239
15900968191
18669044503
18628601798
18064855832
18990981494
15652298205
18602769899
15907341866
15920531123
15737176060
13982908087
18937631618
15115053721
13637930885
18026987356
18705167641
13070809202
15625800768
18251994448
15045787462
13984035499
13597938445
13524120200
15057223895
15037342427
13529875450
18249607654
13117240989
18773150496
13134545452
18158130125
13520430233
13518192043
15120583926
18577201272
13567851415
13564671334
13861256107
13195622871
15222843511
18678909192
15950005634
15886836167
13656596100
18259671820
13912718196
15882208791
18683752027
18903155788
13452918739
13616541237
13684382866
13996715300
18687082909
15824278545
18061902287
13633129740
15526893002
18741722698
13660014131
15003025561
13889461980
13998489661
13516788979
13461110685
15058265621
18620532405
13696875737
13957689931
18665951320
15593779653
13488321015
15259841351
15180425547
13260261731
18631181150
15148232515
18383321990
18616874415
15147997793
18072502020
13715572784
18243128619
15049325969
18967653988
13860507040
18329155058
13688997830
15074583920
15928858563
18795897600
18611906638
13462850777
18775977930
13998171886
13944595316
15342535660
13669048324
13761734684
15078882983
18600706172
18696004413
13958784382
15250834340
18154462110
18947441140
15876584649
18511552016
15011429278
13058057216
15697617852
18832615556
13588712575
13723795112
15331773252
18600218184
13396521533
13813930403
13983657126
18859026003
15282847298
18975858845
15961345120
13652276566
18334793605
15289093607
18077395935
13011729812
15184385119
13715881881
18788546503
15281710305
15583381116
13790392862
13425531014
15004254101
18253727848
13916931673
18859758760
18584075707
13898289435
13523549661
15652508516
15248181491
18824302022
13996681219
13887496166
18331971093
13732840189
18673199242
15399783996
18909101206
13433561671
13718626986
13992141936
15000781700
18703816302
15289359195
13210053190
13774265054
13701406380
13587162391
13634110202
15046115110
15617699699
13879194222
13945480028
13869457661
18953256107
13632968756
13808081508
13378086528
15373010500
13825036179
18618284449
15024441727
13484460588
18381892004
13566238862
14797641928
15982888531
13917756796
18187426969
18627970272
13875068092
